import torch

camera2lidar_rots = torch.tensor([[[[-0.9998, -0.0207, -0.0015],
                                    [0.0014,  0.0039, -1.0000],
                                    [0.0207, -0.9998, -0.0039]],

                                   [[-0.5050,  0.0520, -0.8616],
                                    [0.8630,  0.0443, -0.5032],
                                    [0.0120, -0.9977, -0.0673]],

                                   [[-0.4888, -0.0702,  0.8696],
                                    [-0.8724,  0.0355, -0.4875],
                                    [0.0033, -0.9969, -0.0786]],

                                   [[0.9998, -0.0084, -0.0176],
                                    [0.0177,  0.0129,  0.9998],
                                    [-0.0082, -0.9999,  0.0130]],

                                   [[0.4827,  0.0194, -0.8756],
                                    [0.8751,  0.0284,  0.4831],
                                    [0.0342, -0.9994, -0.0033]],

                                   [[0.4958,  0.0020,  0.8684],
                                    [-0.8684,  0.0130,  0.4958],
                                    [-0.0103, -0.9999,  0.0082]]]], device='cuda:0')

camera2lidar_trans = torch.tensor([[[0.0079, -0.9960,  1.0621],
                                    [-0.9636,  2.4453,  0.7922],
                                    [0.9254,  2.4598,  0.7862],
                                    [-0.0953,  1.9909,  1.3855],
                                    [-1.0449,  2.1269,  1.0524],
                                    [1.0212,  2.1194,  1.0409]]], device='cuda:0')

intrins = torch.tensor([[[[1.8543e+03, 0.0000e+00, 1.9356e+03],
                          [0.0000e+00, 1.8475e+03, 1.0806e+03],
                          [0.0000e+00, 0.0000e+00, 1.0000e+00]],

                         [[1.8531e+03, 0.0000e+00, 1.9441e+03],
                          [0.0000e+00, 1.8460e+03, 1.0921e+03],
                          [0.0000e+00, 0.0000e+00, 1.0000e+00]],

                         [[1.8561e+03, 0.0000e+00, 1.9394e+03],
                          [0.0000e+00, 1.8492e+03, 1.0981e+03],
                          [0.0000e+00, 0.0000e+00, 1.0000e+00]],

                         [[3.1761e+03, 0.0000e+00, 1.9071e+03],
                          [0.0000e+00, 3.1650e+03, 1.1171e+03],
                          [0.0000e+00, 0.0000e+00, 1.0000e+00]],

                         [[1.8499e+03, 0.0000e+00, 1.9348e+03],
                          [0.0000e+00, 1.8428e+03, 1.1057e+03],
                          [0.0000e+00, 0.0000e+00, 1.0000e+00]],

                         [[1.8564e+03, 0.0000e+00, 1.9256e+03],
                          [0.0000e+00, 1.8497e+03, 1.0863e+03],
                          [0.0000e+00, 0.0000e+00, 1.0000e+00]]]], device='cuda:0')

post_rots = torch.tensor([[[[-0.4723,  0.0310,  0.0000],
                            [0.0310,  0.4723,  0.0000],
                            [0.0000,  0.0000,  1.0000]],

                           [[0.4842,  0.0424,  0.0000],
                            [-0.0424,  0.4842,  0.0000],
                            [0.0000,  0.0000,  1.0000]],

                           [[0.4451, -0.0090,  0.0000],
                            [0.0090,  0.4451,  0.0000],
                            [0.0000,  0.0000,  1.0000]],

                           [[0.5211,  0.0327,  0.0000],
                            [-0.0327,  0.5211,  0.0000],
                            [0.0000,  0.0000,  1.0000]],

                           [[0.5115,  0.0290,  0.0000],
                            [-0.0290,  0.5115,  0.0000],
                            [0.0000,  0.0000,  1.0000]],

                           [[-0.4674, -0.0315,  0.0000],
                            [-0.0315,  0.4674,  0.0000],
                            [0.0000,  0.0000,  1.0000]]]], device='cuda:0')


post_trans = torch.tensor([[[1313.3362,  -830.9332,     0.0000],
                            [-422.7312,  -728.6456,     0.0000],
                            [-513.9863,  -722.6738,     0.0000],
                            [-902.2477,  -794.2255,     0.0000],
                            [-1287.8906,  -758.4603,     0.0000],
                            [1548.7410,  -676.4252,     0.0000]]], device='cuda:0')
